----beach-------
vector3(2526.76, -1230.26, 2.03)
vector3(2641.17, -1153.98, 2.47)
vector3(2669.51, -913.64, 2.13)
vector3(2827.01, -778.6, 2.06)
vector3(2829.83, -626.36, 1.95)
vector3(-1255.23, -1821.74, 2.15)
vector3(-1398.46, -1566.79, 2.29)
vector3(-1510.44, -1299.62, 2.03)
vector3(-1629.11, -1128.78, 1.85)
vector3(-1868.02, -807.74, 3.67)
vector3(-2237.1, -421.85, 3.24)
vector3(-3098.41, 148.12, 6.32)
vector3(-3094.57, 518.96, 2.41)
vector3(-3290.74, 1038.42, 3.14)
vector3(-2774.94, 2539.98, 2.49)
vector3(-2690.32, 2676.05, 2.18)
vector3(-3118.36, 3394.07, 1.92)
vector3(-2569.2, 3682.69, 2.44)
vector3(-2325.03, 4414.21, 2.68)